3 0.665144 0.564744 0.087500 0.130769
3 0.876683 0.803045 0.096154 0.134295
3 0.419231 0.242949 0.082212 0.122436
3 0.308774 0.296154 0.073317 0.109615
3 0.496635 0.252885 0.075000 0.112821
3 0.736178 0.526282 0.062260 0.089103
3 0.462981 0.424679 0.101442 0.161538
3 0.888702 0.403365 0.129808 0.183654
3 0.696635 0.217468 0.126442 0.156090
3 0.324159 0.391186 0.088221 0.117628
3 0.098558 0.482372 0.107692 0.155128
3 0.593029 0.595513 0.085577 0.115385
3 0.493510 0.749038 0.067788 0.091026
3 0.396274 0.702724 0.083894 0.130449
3 0.646514 0.439423 0.080529 0.108333
3 0.100000 0.344551 0.101923 0.130769
3 0.204087 0.411699 0.083654 0.117628
3 0.696034 0.963622 0.098798 0.072756
3 0.694952 0.114103 0.084615 0.113462
3 0.225120 0.874199 0.131971 0.157372
3 0.336779 0.946635 0.084135 0.106731
3 0.560096 0.166667 0.071154 0.108974
3 0.185457 0.761058 0.136298 0.184936
3 0.974159 0.352885 0.051683 0.117949
3 0.272236 0.792949 0.082452 0.105128
3 0.624880 0.979327 0.080529 0.041346
3 0.269712 0.704487 0.079327 0.105769
3 0.979928 0.456410 0.040144 0.131410
3 0.800361 0.764583 0.058894 0.085577
3 0.130048 0.065064 0.061538 0.110256
3 0.675481 0.775962 0.087500 0.122436
3 0.288582 0.990865 0.088702 0.018269